Temperature (K)	Pressure (MPa)	Density (l, kg/m3)	Volume (l, m3/kg)	Internal Energy (l, kJ/kg)	Enthalpy (l, kJ/kg)	Entropy (l, J/g*K)	Cv (l, J/g*K)	Cp (l, J/g*K)	Sound Spd. (l, m/s)	Joule-Thomson (l, K/MPa)	Viscosity (l, Pa*s)	Therm. Cond. (l, W/m*K)	Surf. Tension (l, N/m)	Thermal Expansion Coefficient (l, 1/K)	Density (v, kg/m3)	Volume (v, m3/kg)	Internal Energy (v, kJ/kg)	Enthalpy (v, kJ/kg)	Entropy (v, J/g*K)	Cv (v, J/g*K)	Cp (v, J/g*K)	Sound Spd. (v, m/s)	Joule-Thomson (v, K/MPa)	Viscosity (v, Pa*s)	Therm. Cond. (v, W/m*K)	Thermal Expansion Coefficient (v, 1/K)
13.9570000000	0.00735781734538	77.0036760614	0.0129863930029	-54.0215262433	-53.9259747356	-3.07231890760	5.16158416384	7.02120981447	1269.16393743	-1.57576407559	2.55865952821e-05	0.0975607775548	0.00303236581057	0.0106075105	0.129853452821	7.70098890920	343.163169711	399.825639484	29.4383649227	6.24324750325	10.5643621340	307.143212043	29.2212755973	6.45252995085e-07	0.0106009894328	0.0745207636
14.0570000000	0.00779016743082	76.9221924749	0.0130001494735	-53.3191766366	-53.2179032956	-3.02216859847	5.16406618274	7.04493348314	1267.09150190	-1.56873219965	2.52630573904e-05	0.0977278650467	0.00301473848111	0.0106627033	0.136596031108	7.32085692309	343.719084238	400.749785407	29.2726090001	6.24700940232	10.5766091504	308.118435798	28.9416983743	6.50780083421e-07	0.0106955663227	0.0741134476
14.1570000000	0.00824184360560	76.8403838445	0.0130139901699	-52.6144150593	-52.5071557877	-2.97220234244	5.16786084621	7.07053456195	1265.00363418	-1.56127307105	2.49472204016e-05	0.0978927615455	0.00299711438839	0.0107195237	0.143592613345	6.96414653027	344.272984301	401.670390850	29.1092800788	6.25076172441	10.5890773744	309.086493000	28.6661217291	6.56301546156e-07	0.0107903720630	0.0737152800
14.2570000000	0.00871341642813	76.7582398389	0.0130279172907	-51.9070664575	-51.7935487889	-2.92240520002	5.17278499388	7.09781782001	1262.90311856	-1.55344027134	2.46387716469e-05	0.0980554615339	0.00297949358693	0.0107779253	0.150848869804	6.62915142354	344.824828110	402.587385029	28.9483203255	6.25449903835	10.6017658017	310.047448890	28.3946746425	6.61817539648e-07	0.0108854138424	0.0733261270
14.3570000000	0.00920546300804	76.6757505525	0.0130419329813	-51.1969743886	-51.0769173570	-2.87276384491	5.17867537660	7.12660804064	1260.79231057	-1.54528193109	2.43374165251e-05	0.0982159596186	0.00296187613210	0.0108378631	0.158370496367	6.31430741799	345.374572983	403.500696341	28.7896735514	6.25821637120	10.6146740160	311.001366370	28.1274604043	6.67328222699e-07	0.0109806988833	0.0729458592
14.4570000000	0.00971856686733	76.5929064938	0.0130560393355	-50.4839991137	-50.3571131224	-2.82326638663	5.18538679493	7.15674824171	1258.67317660	-1.53684112377	2.40428772591e-05	0.0983742505479	0.00294426208009	0.0108992936	0.166163214119	6.01817920594	345.922175378	404.410252410	28.6332851478	6.26190921037	10.6278021868	311.948305876	27.8645588696	6.72833756445e-07	0.0110762344415	0.0725743523
14.5570000000	0.0102533178035	76.5096985710	0.0130702383969	-49.7680158592	-49.6340025511	-2.77390221118	5.19279038802	7.18809803357	1256.54733247	-1.52815625997	2.37548917441e-05	0.0985303292276	0.00292665148800	0.0109621752	0.174232769011	5.73944847273	346.467590915	405.315980123	28.4791020255	6.26557350273	10.6411510648	312.888325282	27.6060285861	6.78334304262e-07	0.0111720278052	0.0722114862
14.6570000000	0.0108103117523	76.4261180775	0.0130845321620	-49.0489132374	-48.9074653656	-2.72466183782	5.20077206332	7.22053210660	1254.41608022	-1.51926147424	2.34732124790e-05	0.0986841907338	0.00290904441377	0.0110264680	0.182584931609	5.47690322080	347.010774415	406.217805669	28.3270725576	6.26920565129	10.6547219749	313.821479822	27.3519087962	6.83830031684e-07	0.0112680862943	0.0718571451
14.7570000000	0.0113901506525	76.3421566760	0.0130989225815	-48.3265918118	-48.1773931103	-2.67553679073	5.20923105790	7.25393884041	1252.28044276	-1.51018699865	2.31976055763e-05	0.0988358303230	0.00289144091628	0.0110921344	0.191225496914	5.22942816800	347.551679926	407.115654586	28.1771465254	6.27280250941	10.6685168066	314.747822025	27.1022213120	6.89321106336e-07	0.0113644172596	0.0715112175
14.8570000000	0.0119934423111	76.2578063815	0.0131134115634	-47.6009627962	-47.4436878511	-2.62651948387	5.21807862232	7.28821902701	1250.14119627	-1.50095951900	2.29278498435e-05	0.0989852434401	0.00287384105531	0.0111591386	0.200160284256	4.99599610242	348.090260762	408.009451803	28.0292750678	6.27636137292	10.6825380023	315.667401685	26.8569722693	6.94807697885e-07	0.0114610280827	0.0711735957
14.9570000000	0.0126208002694	76.1730595447	0.0131280009754	-46.8719468751	-46.7062609968	-2.57760311806	5.22723681831	7.32328470045	1247.99890008	-1.49160251101	2.26637359318e-05	0.0991324257244	0.00285624489159	0.0112274472	0.209395137267	4.77566008960	348.626469538	408.899121683	27.8834106334	6.27987997042	10.6967885447	316.580265826	26.6161537620	7.00289978001e-07	0.0115579261754	0.0708441759
15.0570000000	0.0132728436711	76.0879088343	0.0131426926475	-46.1394731375	-45.9650322326	-2.52878158881	5.23663742217	7.35905806528	1245.85392405	-1.48213655475	2.24050655469e-05	0.0992773730136	0.00283865248680	0.0112970290	0.218935923921	4.56754644049	349.160258204	409.784588069	27.7395069349	6.28335645189	10.7112719414	317.486458705	26.3797453609	7.05768120327e-07	0.0116551189792	0.0705228579
15.1570000000	0.0139501971307	76.0023472199	0.0131574883748	-45.4034781127	-45.2199285562	-2.48004940408	5.24622092565	7.39547051721	1243.70647362	-1.47257962680	2.21516507173e-05	0.0994200813468	0.00282106390360	0.0113678550	0.228788536644	4.37084835922	349.691578087	410.665774326	27.5975189064	6.28678937583	10.7259922099	318.386021809	26.1477155234	7.11242300469e-07	0.0117526139651	0.0702095452
15.2570000000	0.0146534906042	75.9163679543	0.0131723899199	-44.6639048995	-44.4708834076	-2.43140161094	5.25593562710	7.43246174879	1241.55661236	-1.46294736967	2.19033131149e-05	0.0995605469649	0.00280347920565	0.0114398983	0.238958892494	4.18482019884	350.220379923	411.542603388	27.4574026622	6.29017769522	10.7409538604	319.278993882	25.9200228962	7.16712695988e-07	0.0118504186338	0.0699041446
15.3570000000	0.0153833592609	75.8299645565	0.0131873990163	-43.9207023814	-43.7178358846	-2.38283373006	5.26573680569	7.46997893415	1239.40428235	-1.45325333922	2.16598834265e-05	0.0996987663113	0.00278589845763	0.0115131345	0.249452933404	4.00877226158	350.746613901	412.414997796	27.3191154579	6.29352074242	10.7561618780	320.165410950	25.6966175182	7.22179486404e-07	0.0119485405151	0.0696065662
15.4570000000	0.0161404433560	75.7431307949	0.0132025173703	-43.1738245194	-42.9607300357	-2.33434169759	5.27558597200	7.50797598628	1237.24932244	-1.44350923065	2.14212007690e-05	0.0998347360299	0.00276832172525	0.0115875412	0.260276626497	3.84206608738	351.270229694	413.282879747	27.1826156540	6.29681821316	10.7716217050	321.045306365	25.4774419269	7.27642853216e-07	0.0120469871684	0.0693167232
15.5570000000	0.0169253881066	75.6558606704	0.0132177466642	-42.4232297165	-42.1995142243	-2.28592181329	5.28545018892	7.54641288165	1235.09148450	-1.43372508400	2.11871121480e-05	0.0999684529632	0.00275074907529	0.0116630982	0.271435964453	3.68411018051	351.791176500	414.146171133	27.0478626797	6.30007014996	10.7873392223	321.918710855	25.2624321758	7.33102979923e-07	0.0121457661824	0.0690345321
15.6570000000	0.0177388435669	75.5681484002	0.0132330885587	-41.6688802452	-41.4341405573	-2.23757069461	5.29530145689	7.58525504631	1232.93044791	-1.42390947047	2.09574719551e-05	0.100099914149	0.00273318057560	0.0117397875	0.282936965956	3.53435612990	352.309403080	415.004793578	26.9148170000	6.30327692486	10.8033207307	322.785652578	25.0515187652	7.38560052054e-07	0.0122448851755	0.0687599122
15.7570000000	0.0185814645073	75.4799884024	0.0132485446960	-40.9107417353	-40.6645643723	-2.18928523585	5.30511615813	7.62447279891	1230.76583231	-1.41406966068	2.07321415010e-05	0.100229116817	0.00271561629516	0.0118175930	0.294785676181	3.39229508352	352.824857789	415.858668482	26.7834400833	6.30643922186	10.8195729319	323.646157194	24.8446274933	7.44014257210e-07	0.0123443517962	0.0684927857
15.8570000000	0.0194539102940	75.3913752802	0.0132641167015	-40.1487827139	-39.8907437775	-2.14106257208	5.31487455479	7.66404084564	1228.59720894	-1.40421177620	2.05109885823e-05	0.100356058384	0.00269805630405	0.0118965008	0.306988167361	3.25745454164	353.337488616	416.707717056	26.6536943702	6.30955801914	10.8361029104	324.500247928	24.6416802329	7.49465785110e-07	0.0124441737232	0.0682330777
15.9570000000	0.0203568447702	75.3023038078	0.0132798061870	-39.3829741937	-39.1126392406	-2.09290004712	5.32456033642	7.70393782296	1226.42411046	-1.39434092558	2.02938870790e-05	0.100480736449	0.00268050067352	0.0119764989	0.319550539397	3.12939543737	353.847243215	417.551860358	26.5255432441	6.31263457099	10.8529181146	325.347945651	24.4425956370	7.54914827643e-07	0.0125443586661	0.0679807161
16.0570000000	0.0212909361401	75.2127689152	0.0132956147530	-38.6132893049	-38.3302132203	-2.04479518531	5.33416021237	7.74414588390	1224.24603968	-1.38446132633	2.00807165806e-05	0.100603148785	0.00266294947598	0.0120575773	0.332478920540	3.00770947637	354.354068939	418.391019329	26.3989510032	6.31567038992	10.8700263390	326.189268957	24.2472897787	7.60361578924e-07	0.0126449143659	0.0677356312
16.1570000000	0.0222568568538	75.1227656756	0.0133115439908	-37.8397029673	-37.5434298382	-1.99674566657	5.34366354515	7.78465032437	1222.06247704	-1.37457641380	1.98713620387e-05	0.100723293341	0.00264540278506	0.0121397276	0.345779468115	2.89201671069	354.857912872	419.225114821	26.2738828325	6.31866722870	10.8874357066	327.024234247	24.0556767313	7.65806235364e-07	0.0127458485954	0.0674977561
16.2570000000	0.0232552834945	75.0322892913	0.0133275954852	-37.0621915966	-36.7522545853	-1.94874930450	5.35306202110	7.82543924586	1219.87288716	-1.36468893831	1.96657134440e-05	0.100841168224	0.00262786067560	0.0122229437	0.359458369316	2.78196332416	355.358721858	420.054067633	26.1503047779	6.32162706264	10.9051546519	327.852855817	23.8676690901	7.71248995736e-07	0.0128471691604	0.0672670264
16.3570000000	0.0242868966673	74.9413350815	0.0133437708164	-36.2807328445	-35.9566540615	-1.90080402700	5.36234935493	7.86650325149	1217.67672449	-1.35480105164	1.94636655257e-05	0.100956771704	0.00261032322372	0.0123072207	0.373521842049	2.67721960921	355.856442530	420.877798534	26.0281837211	6.32455207210	10.9231919043	328.675145939	23.6831784430	7.76690061248e-07	0.0129488839000	0.0670433802
16.4570000000	0.0253523808897	74.8498984702	0.0133600715624	-35.4953053664	-35.1565957434	-1.85290785934	5.37152102510	7.90783517231	1215.47343814	-1.34491438371	1.92651174721e-05	0.101070102199	0.00259279050678	0.0123925557	0.387976135828	2.57747811696	356.351021338	421.696228294	25.9074873547	6.32744462537	10.9415564725	329.491114958	23.5021157916	7.82129635623e-07	0.0130510006879	0.0668267581
16.5570000000	0.0264524244852	74.7579749744	0.0133764993011	-34.7058886161	-34.3520477785	-1.80505890933	5.38057403712	7.94942982125	1213.26247600	-1.33503011064	1.90699726707e-05	0.101181158272	0.00257526260349	0.0124789474	0.402827532736	2.48245196451	356.842404576	422.509277706	25.7881841591	6.33030726183	10.9602576296	330.300771375	23.3243919280	7.87567925181e-07	0.0131535274334	0.0666171029
16.6570000000	0.0275877194773	74.6655601935	0.0133930556124	-33.9124626639	-33.5429788028	-1.75725535427	5.38950671214	7.99128377226	1211.04328829	-1.32514901492	1.88781384656e-05	0.101289938623	0.00255773959388	0.0125663962	0.418082348427	2.39187328468	357.330538402	423.316867605	25.6702433795	6.33314267569	10.9793048989	331.104121941	23.1499177695	7.93005138925e-07	0.0132564720823	0.0664143599
16.7570000000	0.0287589614862	74.5726497980	0.0134097420798	-33.1150080350	-32.7293577790	-1.70949542962	5.39831849849	8.03339516219	1208.81533046	-1.31527153844	1.86895259320e-05	0.101396442083	0.00254022155933	0.0126549038	0.433746933193	2.30549180519	357.815368863	424.118918895	25.5536350039	6.33595370010	10.9987080406	331.901171745	22.9786046561	7.98441488631e-07	0.0133598426181	0.0662184768
16.8570000000	0.0299668496272	74.4792395201	0.0134265602931	-32.3135055678	-31.9111538544	-1.66177741911	5.40700980398	8.07576351358	1206.57806567	-1.30539782934	1.85040496660e-05	0.101500667604	0.00252270858265	0.0127444734	0.449827673079	2.22307354538	358.296841915	424.915352559	25.4383297419	6.33874329185	11.0184770396	332.691924304	22.8103646125	8.03877188939e-07	0.0134636470636	0.0660294034
16.9570000000	0.0312120864113	74.3853251436	0.0134435118495	-31.5079362884	-31.0883362349	-1.61409964615	5.41558184688	8.11838957616	1204.33096681	-1.29552778310	1.83216275883e-05	0.101602614254	0.00250520074806	0.0128351100	0.466330991056	2.14439961997	358.774903443	425.706089682	25.3242990044	6.34151451663	11.0386220940	333.476381649	22.6451105776	8.09312457452e-07	0.0135678934821	0.0658470920
17.0570000000	0.0324953776481	74.2909024950	0.0134605983561	-30.6982813010	-30.2608740740	-1.56646046634	5.42403652384	8.16127518551	1202.07351819	-1.28566107858	1.81421807617e-05	0.101702281209	0.00248769814123	0.0129268196	0.483263348247	2.06926514007	359.249499277	426.491051458	25.2115148829	6.34427053480	11.0591536044	334.254544417	22.4827566061	8.14747514833e-07	0.0136725899788	0.0656714970
17.1570000000	0.0338174323489	74.1959674346	0.0134778214312	-29.8845216909	-29.4287363765	-1.51885826106	5.43237629305	8.20442313727	1199.80521678	-1.27579720960	1.79656332198e-05	0.101799667746	0.00247020084935	0.0130196097	0.500631245203	1.99747820293	359.720575206	427.270159202	25.0999501308	6.34701458791	11.0800821647	335.026411929	22.3232180415	8.20182584903e-07	0.0137777447027	0.0655025750
17.2570000000	0.0351789626347	74.1005158482	0.0134951827063	-29.0666384404	-28.5918919122	-1.47129143188	5.44060407117	8.24783707529	1197.52557332	-1.26593551252	1.77919118082e-05	0.101894773235	0.00245270896112	0.0131134891	0.518441223243	1.92885896254	360.188076994	428.043334365	24.9895781443	6.34974998566	11.1014185533	335.791982281	22.1664116659	8.25617894750e-07	0.0138833658483	0.0653402850
17.3570000000	0.0365806836434	74.0045436390	0.0135126838276	-28.2446123546	-27.7503091424	-1.42375839581	5.44872314248	8.29152139258	1195.23411303	-1.25607519014	1.76209460350e-05	0.101987597132	0.00243522256679	0.0132084681	0.536699865836	1.86323877395	360.651950390	428.810498532	24.8803729446	6.35248009367	11.1231737261	336.551252422	22.0122558273	8.31053674834e-07	0.0139894616570	0.0651845880
17.4570000000	0.0380233134409	73.9080467202	0.0135303264580	-27.4184239977	-26.9039561539	-1.37625758116	5.45673707933	8.33548114370	1192.93037623	-1.24621533261	1.74526679320e-05	0.102078138972	0.00241774175824	0.0133045579	0.555413800055	1.80045940504	361.112141139	429.571573435	24.7723091593	6.35520832172	11.1453588092	337.304218234	21.8606705464	8.36490159091e-07	0.0140960404198	0.0650354474
17.5570000000	0.0395075729328	73.8110210074	0.0135481122785	-26.5880536369	-26.0528006030	-1.32878742405	5.46464967235	8.37972196761	1190.61391863	-1.23635493538	1.72870119242e-05	0.102166398362	0.00240026662896	0.0134017711	0.574589698073	1.74037230976	361.568594990	430.326480948	24.6653620064	6.35793811279	11.1679850941	338.050874611	21.7115776052	8.41927585051e-07	0.0142031104787	0.0648928287
17.6570000000	0.0410341857789	73.7134624120	0.0135660429897	-25.7534811940	-25.1968096657	-1.28134636542	5.47246486976	8.42425001988	1188.28431159	-1.22649291472	1.71239147080e-05	0.102252374971	0.00238279727412	0.0135001217	0.594234278723	1.68283795770	362.021257701	431.075143094	24.5595072767	6.36067293258	11.1910640327	338.791215532	21.5649006193	8.47366193946e-07	0.0143106802292	0.0647566996
17.7570000000	0.0426038783100	73.6153668344	0.0135841203135	-24.9146862038	-24.3359499951	-1.23393284856	5.48018672456	8.46907191339	1185.94114215	-1.21662812109	1.69633151370e-05	0.102336068528	0.00236533379059	0.0135996244	0.614354309113	1.62772521518	362.470075048	431.817482038	24.4547213179	6.36341625982	11.2146072341	339.525234135	21.4205650949	8.52806230824e-07	0.0144187581228	0.0646270301
17.8570000000	0.0442173794453	73.5167301575	0.0136023459947	-24.0716477782	-23.4701876840	-1.18654531686	5.48781934892	8.51419466671	1183.58401298	-1.20675935048	1.68051541155e-05	0.102417478810	0.00234787627701	0.0137002956	0.634956606306	1.57491077354	362.914992824	432.553420089	24.3509810187	6.36617157704	11.2386264618	340.252922787	21.2784984723	8.58247944673e-07	0.0145273526691	0.0645037923
17.9570000000	0.0458754206136	73.4175482407	0.0136207218024	-23.2243445750	-22.5994882333	-1.13918221213	5.49536687496	8.55962565940	1181.21254220	-1.19688535413	1.66493744973e-05	0.102496605637	0.00233042483381	0.0138021524	0.656048039051	1.52427862058	363.355956840	433.282879691	24.2482637936	6.36894236213	11.2631336326	340.974273151	21.1386301577	8.63691588532e-07	0.0146364724384	0.0643869606
18.0570000000	0.0475787356749	73.3178169142	0.0136392495315	-22.3727547714	-21.7238165232	-1.09184197303	5.50283342119	8.60537259356	1178.82636315	-1.18700484663	1.64959209928e-05	0.102573448866	0.00231297956324	0.0139052133	0.677635529581	1.47571955180	363.792912930	434.005783415	24.1465475678	6.37173208035	11.2881408155	341.689276251	21.0008915437	8.69137419620e-07	0.0147461260651	0.0642765116
18.1570000000	0.0493280608453	73.2175319729	0.0136579310044	-21.5168560416	-20.8431367899	-1.04452303383	5.51022306406	8.65144346097	1176.42512402	-1.17711651281	1.63447400797e-05	0.102648008382	0.00229554056944	0.0140094977	0.699726055474	1.42913071791	364.225806943	434.722053952	24.0458107626	6.37454417704	11.3136602323	342.397922536	20.8652160206	8.74585699457e-07	0.0148563222495	0.0641724243
18.2570000000	0.0511241346221	73.1166891716	0.0136767680721	-20.6566255368	-19.9574126047	-0.997223823397	5.51753981397	8.69784651534	1174.00848751	-1.16721901339	1.61957799209e-05	0.102720284092	0.00227810795847	0.0141150262	0.722326651573	1.38441520581	364.654584747	435.431614102	23.9460322815	6.37738207085	11.3397042591	343.100201937	20.7315389781	8.80036693989e-07	0.0149670697619	0.0640746797
18.3570000000	0.0529676977139	73.0152842189	0.0136957626160	-19.7920398695	-19.0666068553	-0.949942764291	5.52478759530	8.74459024913	1171.57613036	-1.15731098965	1.60489902858e-05	0.102790275918	0.00226068183838	0.0142218206	0.745444411977	1.34148165032	365.079192216	436.134386758	23.8471914959	6.38024914752	11.3662854285	343.796103925	20.5997978007	8.85490673720e-07	0.0150783774450	0.0639832612
18.4570000000	0.0548594929685	72.9133127732	0.0137149165491	-18.9230750983	-18.1706817303	-0.902678272100	5.53197022996	8.79168337450	1169.12774290	-1.14739106715	1.59043224776e-05	0.102857983789	0.00224326231920	0.0143299037	0.769086492099	1.30024387409	365.499575228	436.830294897	23.7492682320	6.38314875426	11.3934164330	344.485617565	20.4699318552	8.90947913840e-07	0.0151902542176	0.0638981547
18.5570000000	0.0568002653074	72.8107704366	0.0137342318177	-18.0497067164	-17.2695987054	-0.855428754842	5.53909142407	8.83913480795	1166.66302847	-1.13745785876	1.57617292640e-05	0.102923407636	0.00222584951306	0.0144392993	0.793260110785	1.26062055359	365.915679660	437.519261556	23.6522427578	6.38608419459	11.4211101286	345.168731570	20.3418824729	8.96408694361e-07	0.0153027090783	0.0638193483
18.6570000000	0.0587907616581	72.7076527511	0.0137537104027	-17.1719096412	-16.3633185310	-0.808192612491	5.54615475741	8.88695365833	1164.18170298	-1.12750996690	1.56211648124e-05	0.102986547385	0.00220844353420	0.0145500323	0.817972552519	1.22253490893	366.327451371	438.201209821	23.5560957700	6.38905872374	11.4493795407	345.845434348	20.2155929258	9.01873300255e-07	0.0154157511088	0.0637468324
18.7570000000	0.0608317308916	72.6039551933	0.0137733543212	-16.2896582048	-15.4518012213	-0.760968236586	5.55316367524	8.93514921791	1161.68349424	-1.11754598528	1.54825846283e-05	0.103047402949	0.00219104449903	0.0146621289	0.843231169684	1.18591441582	366.734836201	438.876062805	23.4608083815	6.39207554446	11.4782378694	346.515714047	20.0910083996	9.07342021590e-07	0.0155293894780	0.0636805999
18.8570000000	0.0629239237597	72.4996731703	0.0137931656278	-15.4029261463	-14.5350060439	-0.713754009908	5.56012148230	8.98373095613	1159.16814148	-1.10756450008	1.53459454980e-05	0.103105974222	0.00217365252618	0.0147756162	0.869043384911	1.15069053785	367.137779950	439.543743624	23.3663621097	6.39513780338	11.5076984967	347.179558605	19.9680759612	9.12815153675e-07	0.0156436334463	0.0636206461
18.9570000000	0.0650680928355	72.3948020147	0.0138131464162	-14.5116866045	-13.6128915112	-0.666548306203	5.56703133863	9.03270851586	1156.63539472	-1.09756409066	1.52112054339e-05	0.103162261069	0.00215626773659	0.0148905224	0.895416693502	1.11679847747	367.536228370	440.204175380	23.2727388643	6.39824858775	11.5377749942	347.836955785	19.8467445237	9.18292997206e-07	0.0157584923693	0.0635669687
19.0570000000	0.0672649924557	72.2893369809	0.0138332988206	-13.6159121119	-12.6854153711	-0.619349489950	5.57389625697	9.08209171185	1154.08501419	-1.08754332994	1.50783236229e-05	0.103216263327	0.00213889025349	0.0150068770	0.922358665930	1.08417694433	367.930127149	440.857281129	23.1799209356	6.40141092263	11.5684811319	348.487893219	19.7269648086	9.23775858414e-07	0.0158739757030	0.0635195682
19.1570000000	0.0695153786639	72.1832732401	0.0138536250174	-12.7155745882	-11.7525345992	-0.572155916155	5.58071910166	9.13189053126	1151.51676972	-1.07750078440	1.49472603780e-05	0.103267980790	0.00212152020256	0.0151247104	0.949876950428	1.05276793963	368.319421894	441.502983863	23.0878909838	6.40462776850	11.5998308875	349.132358444	19.6086893050	9.29264049217e-07	0.0159900930080	0.0634784474
19.2570000000	0.0718200091576	72.0766058767	0.0138741272267	-11.8106453346	-10.8142053901	-0.524965930156	5.58750258865	9.18211513604	1148.93044022	-1.06743501382	1.48179770922e-05	0.103317413205	0.00210415771189	0.0152440544	0.977979275656	1.02251655520	368.704058118	442.141206476	22.9966320273	6.40790201920	11.6318384569	349.770338936	19.4918722273	9.34757887382e-07	0.0161068539547	0.0634436117
19.3570000000	0.0741796432359	71.9693298836	0.0138948077135	-10.9010950287	-9.87038314966	-0.477777867444	5.59424928657	9.23277586688	1146.32581298	-1.05734457075	1.46904361948e-05	0.103364560267	0.00208680291215	0.0153649417	1.00667345347	0.993370786284	369.083981213	442.771871741	22.9061274325	6.41123650029	11.6645182656	350.401822143	19.3764694711	9.40257696678e-07	0.0162242683284	0.0634150693
19.4570000000	0.0765950417490	71.8614401581	0.0139156687898	-9.98689371819	-8.92102248627	-0.430590053478	5.60096161872	9.28388324884	1143.70268322	-1.04722799979	1.45646011106e-05	0.103409421611	0.00206945593655	0.0154874065	1.03596738175	0.965281356939	369.459136441	443.394902275	22.8163609030	6.41463396776	11.6978849809	351.026795517	19.2624385676	9.45763807047e-07	0.0163423460348	0.0633928310
19.5570000000	0.0790669670508	71.7529314982	0.0139367128161	-9.06801081566	-7.96607720263	-0.383400803498	5.60764186581	9.33544799831	1141.06085339	-1.03708383665	1.44404362203e-05	0.103451996803	0.00205211692097	0.0156114838	1.06586904739	0.938201557169	369.829468902	444.010220510	22.7273164697	6.41809710698	11.7319535249	351.645246542	19.1497386372	9.51276554769e-07	0.0164610971058	0.0633769104
19.6570000000	0.0815961829528	71.6437985976	0.0139579422026	-8.14441509219	-7.00550028658	-0.336208422326	5.61429216926	9.38748103123	1138.40013272	-1.02691060713	1.43179068238e-05	0.103492285335	0.00203478600404	0.0157372102	1.09638652930	0.912087090886	370.194923522	444.617748659	22.6389784803	6.42162853206	11.7667390883	352.257162759	19.0383303425	9.56796282640e-07	0.0165805317051	0.0633673239
19.7570000000	0.0841834546799	71.5340360425	0.0139793594116	-7.21607467112	-6.03924390164	-0.289011204147	5.62091453514	9.43999347263	1135.72033658	-1.01670682587	1.41969791048e-05	0.103530286617	0.00201746332716	0.0158646235	1.12752800159	0.886895933926	370.555445024	445.217408683	22.5513315900	6.42523078545	11.8022571457	352.862531792	18.9281758402	9.62323340148e-07	0.0167006601350	0.0633640908
19.8570000000	0.0868295488281	71.4236383067	0.0140009669587	-6.28295702118	-5.06725937700	-0.241807432271	5.62751083841	9.49299666715	1133.02128599	-1.00647099507	1.40776200976e-05	0.103565999973	0.00200014903461	0.0159937628	1.15930173679	0.862588201381	370.910977903	445.809122253	22.4643607517	6.42890633782	11.8385234709	353.461341372	18.8192387338	9.67858083660e-07	0.0168214928427	0.0633672333
19.9570000000	0.0895352333248	71.3125997477	0.0140227674147	-5.34502894909	-4.08949719675	-0.194595378871	5.63408282766	9.54650219074	1130.30280706	-0.996201603082	1.39597976552e-05	0.103599424627	0.00198284327363	0.0161246683	1.19171610925	0.839126023584	371.261466403	446.392810714	22.3780512068	6.43265758818	11.8755541540	354.053579358	18.7114840251	9.73400876612e-07	0.0169430404271	0.0633767767
20.0570000000	0.0923012773909	71.2009146024	0.0140447634077	-4.40225659160	-3.10590698842	-0.147373304695	5.64063212999	9.60052186325	1127.56473049	-0.985897122902	1.38434804189e-05	0.103630559704	0.00196554619448	0.0162573819	1.22477959860	0.816473430110	371.606854492	446.968395047	22.2923884760	6.43648686424	11.9133656190	354.639233753	18.6048780662	9.78952089702e-07	0.0170653136464	0.0633927494
20.1570000000	0.0951284515038	71.0885769830	0.0140669576244	-3.45460540681	-2.11643751063	-0.100139458740	5.64716025620	9.65506776207	1124.80689105	-0.975556010635	1.37286377901e-05	0.103659404213	0.00194825795053	0.0163919468	1.25850079336	0.794596241242	371.947085828	447.535795828	22.2073583504	6.44039642307	11.9519746421	355.218292728	18.4993885122	9.84512101096e-07	0.0171883234253	0.0634151828
20.2570000000	0.0980175273642	70.9755808724	0.0140893528127	-2.50204016479	-1.12103663993	-0.0528920779010	5.65366860607	9.71015223655	1122.02912710	-0.965176703867	1.36152399022e-05	0.103685957051	0.00193097869836	0.0165284076	1.29288839464	0.773461966360	372.282103735	448.094933188	22.1229468828	6.44438845180	11.9913983718	355.790744634	18.3949842735	9.90081296636e-07	0.0173120808633	0.0634441117
20.3570000000	0.100969277863	70.8619201199	0.0141119517832	-1.54452493737	-0.119651356569	-0.00562938658298	5.66015847383	9.76578792346	1119.23128008	-0.954757620009	1.35032575951e-05	0.103710216984	0.00191370859782	0.0166668105	1.32795122004	0.753039708770	372.611851172	448.645726769	22.0391403794	6.44846506872	12.0316543492	356.356578018	18.2916354690	9.95660070055e-07	0.0174365972428	0.0634795742
20.4570000000	0.103984477054	70.7475884368	0.0141347574115	-0.582023087083	0.887772270629	0.0416504037266	5.66663105360	9.82198776317	1116.41319410	-0.944297154578	1.33926623897e-05	0.103732182646	0.00189644781216	0.0168072031	1.36369820761	0.733300076527	372.936270701	449.188095682	21.9559253908	6.45262832436	12.0727605298	356.915781639	18.1893133799	1.00124882320e-06	0.0175618840379	0.0635216119
20.5570000000	0.107063900120	70.6325793917	0.0141577726399	0.385502744728	1.90128910057	0.0889490949206	5.67308744496	9.87876501679	1113.57471544	-0.933793679456	1.32834264646e-05	0.103751852529	0.00187919650808	0.0169496349	1.40013841998	0.714215098830	373.255304453	449.721958458	21.8732887047	6.45688020289	12.1147353064	357.468344475	18.0879904041	1.00684796628e-06	0.0176879529238	0.0635702697
20.6570000000	0.110208323353	70.5168864060	0.0141810004804	1.35809065084	2.92095493725	0.136268502776	5.67952865845	9.93613328410	1110.71569211	-0.923245541105	1.31755226330e-05	0.103769224977	0.00186195485585	0.0170941567	1.43728104863	0.695758147615	373.568894098	450.247233006	21.7912173370	6.46122262360	12.1575975327	358.014255743	17.9876400111	1.01245791806e-06	0.0178148157863	0.0636255964
20.7570000000	0.113418524127	70.4005027489	0.0142044440161	2.33577947198	3.94682654833	0.183610457499	5.68595562110	9.99410652236	1107.83597344	-0.912651058753	1.30689243213e-05	0.103784298172	0.00184472302942	0.0172408213	1.47513541836	0.677903863978	373.876980808	450.763836560	21.7096985247	6.46565744253	12.2013665487	358.553504899	17.8882366983	1.01807910616e-06	0.0179424847318	0.0636876443
20.8570000000	0.116695280875	70.2834215327	0.0142281064039	3.31860881179	4.97896168492	0.230976804308	5.69236918188	10.0526990660	1104.93540967	-0.902008522550	1.29636055478e-05	0.103797070132	0.00182750120652	0.0173896833	1.51371099184	0.660628089108	374.179505220	451.271685633	21.6287197178	6.47018645423	12.2460622069	359.086081653	17.7897559474	1.02371196730e-06	0.0180709720981	0.0637564697
20.9570000000	0.120039373073	70.1656357076	0.0142519908772	4.30661905271	6.01741910266	0.278369404067	5.69877011706	10.1119256470	1102.01385150	-0.891316191695	1.28595409032e-05	0.103807538699	0.00181028956875	0.0175407990	1.55301737436	0.643907799431	374.476407402	451.770695963	21.5482685719	6.47481139365	12.2917048995	359.611975978	17.6921741823	1.02935694753e-06	0.0182002904656	0.0638321327
21.0570000000	0.123451581217	70.0471380566	0.0142761007479	5.29985137315	7.06225858410	0.325790133956	5.70515913559	10.1718014169	1099.07114977	-0.880572292538	1.27567055312e-05	0.103815701531	0.00179308830172	0.0176942266	1.59306431880	0.627721045659	374.767626812	452.260782462	21.4683329405	6.47953393814	12.3383155877	360.131178111	17.5954687277	1.03501450258e-06	0.0183304526689	0.0639146976
21.1570000000	0.126932686811	69.9279211905	0.0143004394093	6.29834776567	8.11354096247	0.373240888193	5.71153688427	10.2323419682	1096.10715500	-0.869775016645	1.26550751105e-05	0.103821556091	0.00177589759515	0.0178500265	1.63386173073	0.612046895520	375.053102258	452.741859161	21.3889008683	6.48435570955	12.3859158320	360.643678565	17.4996177686	1.04068509806e-06	0.0184614718089	0.0640042330
21.2570000000	0.130483472352	69.8079775417	0.0143250103386	7.30215105646	9.17132814692	0.420723578792	5.71790395291	10.2935633589	1093.12171707	-0.858922518844	1.25546258370e-05	0.103825099640	0.00175871764300	0.0180082611	1.67541967369	0.596865379884	375.332771860	453.213839154	21.3099605834	6.48927827641	12.4345278235	361.149468130	17.4046003109	1.04636920982e-06	0.0185933612661	0.0641008116
21.3570000000	0.134104721317	69.6872993593	0.0143498171000	8.31130492597	10.2356831491	0.468240136380	5.72426087930	10.3554821360	1090.11468486	-0.848012915227	1.24553344067e-05	0.103826329229	0.00174154864357	0.0181689949	1.71774837472	0.582157442103	375.606573003	453.676634539	21.2315004908	6.49430315621	12.4841744174	361.648537880	17.3103961431	1.05206732426e-06	0.0187261347141	0.0642045109
21.4570000000	0.137797218155	69.5658787028	0.0143748633475	9.32585393088	11.3066701115	0.515792511053	5.73060815414	10.4181153614	1087.08590585	-0.837044281132	1.23571779997e-05	0.103825241681	0.00172439079970	0.0183322948	1.76085823006	0.567904890313	375.874442300	454.130156362	21.1535091653	6.49943181772	12.5348791679	362.140879176	17.2169857984	1.05777993862e-06	0.0188598061335	0.0643154127
21.5570000000	0.141561748280	69.4437074360	0.0144001528277	10.3458435274	12.3843543372	0.563382673285	5.73694622581	10.4814806383	1084.03522583	-0.826014649072	1.22601342648e-05	0.103821833593	0.00170724431881	0.0184982299	1.80475981110	0.554090352550	376.136315538	454.574314551	21.0759753445	6.50466568346	12.5866663646	362.626483669	17.1243505188	1.06350756135e-06	0.0189943898271	0.0644336039
21.6570000000	0.145399098064	69.3207772211	0.0144256893833	11.3713200958	13.4688023211	0.611012614887	5.74327550502	10.5455961390	1080.96248853	-0.814922006641	1.21641813039e-05	0.103816101314	0.00169010941310	0.0186668719	1.84946387051	0.540697234451	376.392127641	455.009017856	20.9988879224	6.51000613214	12.6395610709	363.105343299	17.0324722194	1.06925071242e-06	0.0191299004360	0.0645591763
21.7570000000	0.149310054833	69.1970795121	0.0144514769561	12.4023309666	14.5600817833	0.658684350014	5.74959636936	10.6104806340	1077.86753532	-0.803764294363	1.20692976577e-05	0.103808040942	0.00167298629972	0.0188382950	1.89498134865	0.527709679420	376.641812614	455.434173784	20.9222359427	6.51545450120	12.6935891643	363.577450304	16.9413334540	1.07500992374e-06	0.0192663529554	0.0646922268
21.8570000000	0.153295406870	69.0726055478	0.0144775195907	13.4389244481	15.6582617042	0.706399916229	5.75590916770	10.6761535222	1074.75020484	-0.792539403502	1.19754622920e-05	0.103797648308	0.00165587520084	0.0190125760	1.94132338023	0.515112531062	376.885303498	455.849688531	20.8460085920	6.52101208944	12.7487773787	364.042797215	16.8509173817	1.08078573950e-06	0.0194037627527	0.0648328578
21.9570000000	0.157355943413	68.9473463451	0.0145038214378	14.4811498551	16.7634123605	0.754161375619	5.76221422450	10.7426348627	1071.61033276	-0.781245173817	1.18826545837e-05	0.103784918968	0.00163877634388	0.0191897946	1.98850130124	0.502891297772	377.122532317	456.255466912	20.7701951941	6.52668015959	12.8051533483	364.501376858	16.7612077345	1.08657871658e-06	0.0195421455854	0.0649811772
22.0570000000	0.161492454659	68.8212926917	0.0145303867581	15.5290575400	17.8756053647	0.801970815968	5.76851184398	10.8099454082	1068.44775139	-0.769879391259	1.17908543080e-05	0.103769848190	0.00162168996165	0.0193700334	2.03652665609	0.491032119325	377.353430024	456.651412290	20.6947852026	6.53245994107	12.8627456550	364.953182357	16.6721887856	1.09238942497e-06	0.0196815176206	0.0651372985
22.1570000000	0.165705731768	68.6944351386	0.0145572199259	16.5826989248	18.9949137052	0.849830351980	5.77480231418	10.8781066395	1065.26228946	-0.758439785610	1.17000416259e-05	0.103752430939	0.00160461629252	0.0195533780	2.08541120514	0.479521735346	377.577926449	457.037426503	20.6197681955	6.53835263261	12.9215838766	365.398207131	16.5838453191	1.09821844819e-06	0.0198218954549	0.0653013416
22.2570000000	0.169996566876	68.5667639922	0.0145843254337	17.6421265349	20.1214117888	0.897742126577	5.78108591093	10.9471408023	1062.05377173	-0.746924028053	1.16101970718e-05	0.103732661870	0.00158755558058	0.0197399174	2.13516693249	0.468347455547	377.795950240	457.413409787	20.5451338684	6.54435940512	12.9816986391	365.836444896	16.4961626004	1.10406638374e-06	0.0199632961365	0.0654734322
22.3570000000	0.174365753098	68.4382693059	0.0146117078959	18.7073940349	21.2551754862	0.945708312238	5.78736290169	11.0170709455	1058.82201876	-0.735329728671	1.15213015414e-05	0.103710535309	0.00157050807588	0.0199297435	2.18580605406	0.457497131616	378.007428804	457.779260698	20.4708720288	6.55048140437	13.0431216703	366.267889660	16.4091263473	1.10993384360e-06	0.0201057371866	0.0656537028
22.4570000000	0.178814084549	68.3089408722	0.0146393720534	19.7785562663	22.3962821784	0.993731112418	5.79363354930	11.0879209614	1055.56684662	-0.723654433860	1.14333362808e-05	0.103686045243	0.00155347403455	0.0201229522	2.23734102605	0.446959130663	378.212288248	458.134876028	20.3969725895	6.55671975388	13.1058858574	366.692535729	16.3227227025	1.11582145468e-06	0.0202492366243	0.0658422924
22.5570000000	0.183342356351	68.1787682134	0.0146673227781	20.8556692868	23.5448108063	1.04181276302	5.79989811562	11.1597156281	1052.28806653	-0.711895623671	1.13462828750e-05	0.103659185305	0.00153645371906	0.0203196428	2.28978455375	0.436722310124	378.410453315	458.480150724	20.3234255625	6.56307555770	13.1700253071	367.110377698	16.2369382062	1.12172985937e-06	0.0203938129904	0.0660393474
22.6570000000	0.187951364655	68.0477405723	0.0146955650781	21.9387904118	24.7008419226	1.08995553395	5.80615686515	11.2324806543	1048.98548467	-0.700050709043	1.12601232371e-05	0.103629948759	0.00151944739838	0.0205199184	2.34314960073	0.426775994025	378.601847320	458.814977799	20.2502210535	6.56954990335	13.2355754089	367.521410455	16.1517597706	1.12765971606e-06	0.0205394853745	0.0662450213
22.7570000000	0.192641906660	67.9158469030	0.0147241041024	23.0279782578	25.8644577459	1.13816173073	5.81241006845	11.3062427259	1045.65890179	-0.688117028948	1.11748395978e-05	0.103598328485	0.00150245534826	0.0207238862	2.39744939837	0.417109950550	378.786392081	459.139248242	20.1773492553	6.57614386465	13.3025729023	367.925629177	16.0671746542	1.13361169971e-06	0.0206862734425	0.0664594752
22.8570000000	0.197414780632	67.7830758605	0.0147529451461	24.1232927882	27.0357422179	1.18643369617	5.81865800560	11.3810295555	1042.30811300	-0.676091847423	1.10904144951e-05	0.103564316964	0.00148547785140	0.0209316577	2.45269745589	0.407714370803	378.964007849	459.452850922	20.1048004418	6.58285850468	13.3710559477	368.323029329	15.9831704373	1.13958650244e-06	0.0208341974655	0.0666828783
22.9570000000	0.202270785936	67.6494157902	0.0147820936562	25.2247953614	28.2147810630	1.23477381217	5.82490096951	11.4568699350	1038.93290745	-0.663972350489	1.10068307646e-05	0.103527906259	0.00146851519769	0.0211433488	2.50890757077	0.398579848716	379.134613237	459.755672496	20.0325649623	6.58969487871	13.4410642006	368.713606663	15.8997349984	1.14558483413e-06	0.0209832783511	0.0669154083
23.0570000000	0.207210723056	67.5148547172	0.0148115552376	26.3325487808	29.4016618512	1.28318450155	5.83113926923	11.5337937903	1035.53306805	-0.651755642948	1.09240715293e-05	0.103489088004	0.00145156768451	0.0213590801	2.56609383960	0.389697362024	379.298125143	460.047597302	19.9606332351	6.59665403713	13.5126388911	369.097357213	15.8168564911	1.15160742311e-06	0.0211335376760	0.0671572514
23.1570000000	0.212235393628	67.3793803345	0.0148413356584	27.4466173481	30.5964740635	1.33166822997	5.83737323316	11.6118322397	1032.10837116	-0.639438745037	1.08421201905e-05	0.103447853378	0.00143463561692	0.0215789768	2.62427066951	0.381058254249	379.454458672	460.328507258	19.8889957419	6.60373702851	13.5858229070	369.474277295	15.7345233217	1.15765501680e-06	0.0212849977198	0.0674086029
23.2570000000	0.217345600474	67.2429799913	0.0148714408572	28.5670669185	31.7993091615	1.38022750799	5.84360321228	11.6910176557	1028.65858632	-0.627018588952	1.07609604184e-05	0.103404193094	0.00141771930799	0.0218031697	2.68345279001	0.372654217627	379.603527055	460.598281755	19.8176430213	6.61094490253	13.6606608829	369.844363505	15.6527241276	1.16372838240e-06	0.0214376815021	0.0676696680
23.3570000000	0.222542147633	67.1056406801	0.0149018769490	29.6939649590	33.0102606591	1.42886489313	5.84982958325	11.7713837298	1025.18347593	-0.614492015212	1.06805761427e-05	0.103358097376	0.00140081907904	0.0220317947	2.74365526547	0.364477276933	379.745241564	460.856797536	19.7465656628	6.61827871309	13.7371992933	370.207612716	15.5714477562	1.16982830772e-06	0.0215916128200	0.0679406616
23.4570000000	0.227825840406	66.9673490237	0.0149326502330	30.8273806097	34.2294241985	1.47758299213	5.85605275156	11.8529655420	1021.68279497	-0.601855768858	1.06009515442e-05	0.103309555938	0.00138393525994	0.0222649935	2.80489350808	0.356519774144	379.879511423	461.103928588	19.6757543009	6.62573952130	13.8154865522	370.564022077	15.4906832444	1.17595560187e-06	0.0217468162896	0.0682218092
23.5570000000	0.233197485389	66.8280912616	0.0149637671991	31.9673847476	35.4568976304	1.52638446325	5.86227315466	11.9357996339	1018.15629068	-0.589106495479	1.05220710457e-05	0.103258557970	0.00136706818943	0.0225029139	2.86718329154	0.348774353893	380.006243716	461.339546012	19.6051996087	6.63332839864	13.8955731187	370.913589009	15.4104197988	1.18211109614e-06	0.0219033173881	0.0685133474
23.6570000000	0.238657890524	66.6878532352	0.0149952345365	33.1140500546	36.6927810970	1.57527201870	5.86849126502	12.0199240864	1014.60370224	-0.576240737051	1.04439193035e-05	0.103205092105	0.00135021821545	0.0227457099	2.93054076524	0.341233949673	380.125343295	461.563517899	19.5348922919	6.64104643003	13.9775116088	371.256311204	15.3306467764	1.18829564482e-06	0.0220611424995	0.0688155242
23.7570000000	0.244207865141	66.5466203728	0.0150270591414	34.2674510878	37.9371771201	1.62424842716	5.87470759328	12.1053786024	1011.02476048	-0.563254927572	1.03664811990e-05	0.103149146409	0.00133338569543	0.0229935422	2.99498246928	0.333891770739	380.236712673	461.775709194	19.4648230819	6.64889471700	14.0613569142	371.592186622	15.2513536654	1.19451012617e-06	0.0222203189627	0.0691285999
23.8570000000	0.249848220011	66.4043776737	0.0150592481254	35.4276643545	39.1901906933	1.67331651646	5.88092269131	12.1922045945	1007.41918751	-0.550145388489	1.02897418301e-05	0.103090708346	0.00131657099672	0.0232465785	3.06052535010	0.326741289684	380.340251928	461.975981559	19.3949827304	6.65687438088	14.1471663287	371.921213490	15.1725300671	1.20075544329e-06	0.0223808751222	0.0694528475
23.9570000000	0.255579767397	66.2611096913	0.0150918088251	36.5947683896	40.4519293787	1.72247917635	5.88713715539	12.2804452785	1003.78669643	-0.536908323885	1.02136865037e-05	0.103029764763	0.00129977449687	0.0235049941	3.12718677694	0.319776230628	380.435858586	462.164193228	19.3253620018	6.66498656601	14.2349996833	372.243390298	15.0941656777	1.20703252519e-06	0.0225428403819	0.0697885534
24.0570000000	0.261403321111	66.1168005158	0.0151247488112	37.7688438387	41.7225034089	1.77173936146	5.89335162934	12.3701457724	1000.12699096	-0.523539815433	1.01383007266e-05	0.102966301857	0.00128299658409	0.0237689719	3.19498455909	0.312990558015	380.523427512	462.340198854	19.2559516674	6.67323244302	14.3249194889	372.558715800	15.0162502710	1.21334232782e-06	0.0227062452623	0.0701360182
24.1570000000	0.267319696576	65.9714337554	0.0151580758985	38.9499735440	43.0020257938	1.82110009435	5.89956680778	12.4613532031	996.439765082	-0.510035817080	1.00635701983e-05	0.102900305152	0.00126623765762	0.0240387032	3.26393696401	0.306378465953	380.602850791	462.503849347	19.1867424983	6.68161321215	14.4169910891	372.867189008	14.9387736807	1.21968583518e-06	0.0228711214611	0.0704955573
24.2570000000	0.273329710885	65.8249925171	0.0151917981569	40.1382426356	44.2906124336	1.87056446870	5.90578343932	12.5541168188	992.724702679	-0.496392149452	9.98948080261e-06	0.102832387800	0.00124949812815	0.0243143882	3.33406273636	0.299934368089	380.674017602	462.654991716	19.1177252587	6.69013010656	14.5112828236	373.168809192	14.8617257839	1.22606406048e-06	0.0230375019171	0.0708675018
24.3570000000	0.279434182872	65.6774593861	0.0152259239219	41.3337386272	45.5883822368	1.92013565277	5.91200232995	12.6484881098	988.981477164	-0.482604493963	9.91601859982e-06	0.102774302211	0.00123277841828	0.0245962361	3.40538111807	0.293652887982	380.736814085	462.793468886	19.0488906985	6.69878439582	14.6078662016	373.463575879	14.7850964843	1.23247804742e-06	0.0232054208785	0.0712521996
24.4570000000	0.285633933178	65.5288164045	0.0152604618070	42.5365515170	46.8954572450	1.96981689289	5.91822434643	12.7445209375	985.209751083	-0.468668386604	9.84316981893e-06	0.102713126009	0.00121607896299	0.0248844662	3.47791186932	0.287528849946	380.791123210	462.919119522	18.9802295468	6.70757738931	14.7068160877	373.751488848	14.7088756956	1.23892887142e-06	0.0233749139754	0.0716500157
24.5570000000	0.291929784329	65.3790450481	0.0152954207157	43.7467738940	48.2119627647	2.01961151723	5.92445041979	12.8422716720	981.409175704	-0.454579211384	9.77092084977e-06	0.102648986395	0.00119940021013	0.0251793080	3.55167529080	0.281557270337	380.836824626	463.031777832	18.9117325038	6.71651043980	14.8082109007	374.032548131	14.6330533254	1.24541764107e-06	0.0235460182963	0.0720613338
24.6570000000	0.298322560812	65.2281262028	0.0153308098548	44.9645010501	49.5380275053	2.06952293976	5.93068154891	12.9417993398	977.579390601	-0.440332193412	9.69925823520e-06	0.102581971303	0.00118274262094	0.0254810022	3.62669224700	0.275733349260	380.873794518	463.131273371	18.8433902336	6.72558494705	14.9121328260	374.306754010	14.5576192594	1.25194549951e-06	0.0237187724701	0.0724865571
24.7570000000	0.304813089158	65.0760401392	0.0153666387485	46.1898310984	50.8737837253	2.11955466437	5.93691880430	13.0431657815	973.720023211	-0.425922391584	9.62816866327e-06	0.102512142724	0.00116610667057	0.0257898011	3.70298419088	0.270052462677	380.901905441	463.217430824	18.7751933564	6.73480236147	15.0186680436	374.574107012	14.4825633451	1.25851362600e-06	0.0238932167530	0.0729261094
24.8570000000	0.311402198026	64.9227664862	0.0154029172526	47.4228650977	52.2193673862	2.16971028924	5.94316333191	13.1464358215	969.830688379	-0.411344690852	9.55763895941e-06	0.102439544670	0.00114949284867	0.0261059693	3.78057318980	0.264510154888	380.921026159	463.290069791	18.7071324401	6.74416418793	15.1279069720	374.834607912	14.4078753760	1.26512323757e-06	0.0240693931207	0.0733804364
24.9570000000	0.318090718298	64.7682842023	0.0154396555709	48.6637071845	53.5749183153	2.21999351151	5.94941635718	13.2516774494	965.910987879	-0.396593794040	9.48765607857e-06	0.102364208187	0.00113290166002	0.0264297849	3.85948195293	0.259102131373	380.931021464	463.349004545	18.6391979924	6.75367198956	15.2399445299	375.088257728	14.3335450761	1.27177559065e-06	0.0242473453672	0.0738500070
25.0570000000	0.324879483171	64.6125715459	0.0154768642707	49.9124647120	54.9405803773	2.27040813205	5.95567918921	13.3589620155	961.960509916	-0.381664213183	9.41820709730e-06	0.102286154646	0.00111633362511	0.0267615399	3.93973386023	0.253824251961	380.931751997	463.394043791	18.5713804517	6.76332739176	15.3548804178	375.335057719	14.2595620836	1.27847198296e-06	0.0244271192096	0.0743353146
25.1570000000	0.331769328257	64.4556060443	0.0155145543013	51.1692483974	56.3165016562	2.32095806072	5.96195322510	13.4683644403	957.978828605	-0.366550260350	9.34927920580e-06	0.102205397970	0.00109978928085	0.0271015411	4.02135299300	0.248672524332	380.923074050	463.424990404	18.5036701785	6.77313208621	15.4728194205	375.575009381	14.1859159352	1.28521375540e-06	0.0246087623998	0.0748368789
25.2570000000	0.338761091691	64.2973644594	0.0155527370120	52.4341724779	57.7028346468	2.37164732170	5.96823995458	13.5799634409	953.965503426	-0.351246037909	9.28085969981e-06	0.102121946195	0.00108326918125	0.0274501114	4.10436416626	0.243643097808	380.904839359	463.441641155	18.4360574460	6.78308783510	15.5938717318	375.808114449	14.1125960503	1.29200229410e-06	0.0247923248442	0.0753552470
25.3570000000	0.345855614235	64.1378227532	0.0155914241718	53.7073548748	59.0997364586	2.42248005932	5.97454096478	13.6938417735	949.920078651	-0.335745428197	9.21293597251e-06	0.102035802584	0.00106677389819	0.0278075906	4.18879296301	0.238732257438	380.876894889	463.443786422	18.3685324300	6.79319647540	15.7181533054	376.034374889	14.0395917145	1.29883903254e-06	0.0249778587308	0.0758909958
25.4570000000	0.353053739400	63.9769560496	0.0156306279909	54.9889173693	60.5073690307	2.47346054410	5.98085794528	13.8100864962	945.842082746	-0.320042082559	9.14549550618e-06	0.101946966432	0.00105030402217	0.0281743365	4.27466577050	0.233936418351	380.839082603	463.431209884	18.3010851995	6.80345992329	15.8457862321	376.253792898	13.9668920634	1.30572545391e-06	0.0251654186656	0.0764447335
25.5570000000	0.360356313564	63.8147385948	0.0156703611426	56.2789857868	61.9258993603	2.52459317924	5.98719269347	13.9287892522	941.731027737	-0.304129409693	9.07852586381e-06	0.101855433669	0.00103386016319	0.0285507263	4.36200981870	0.229252120367	380.791239222	463.403688194	18.2337057055	6.81388017880	15.9768991477	376.466370902	13.8944860658	1.31266309349e-06	0.0253550618175	0.0770171014
25.6570000000	0.367764186098	63.6511437153	0.0157106367872	57.5776901938	63.3554997449	2.57588250745	5.99354712016	14.0500465749	937.586408554	-0.288000563254	9.01201468046e-06	0.101761197306	0.00101744295157	0.0289371577	4.45085322111	0.224676022848	380.733195964	463.360990642	18.1663837701	6.82445933048	16.1116276730	376.672111548	13.8223625070	1.31965354127e-06	0.0255468480749	0.0776087768
25.7570000000	0.375278209501	63.4861437726	0.0157514685973	58.8851651069	64.7963480391	2.62733321820	5.99992325552	14.1739602196	933.407702328	-0.271648428669	8.94594965452e-06	0.101664247775	0.00100105303893	0.0293340506	4.54122501810	0.220204899783	380.664778272	463.302878785	18.0991090751	6.83519956038	16.2501148898	376.871017703	13.7505099711	1.32669844467e-06	0.0257408402113	0.0782204749
25.8570000000	0.382899239538	63.3197101153	0.0157928707851	60.2015497143	66.2486279281	2.67895015548	6.00632325546	14.3006375210	929.194367660	-0.255065609092	8.88031853865e-06	0.101564573189	0.000984691099154	0.0297418484	4.63315522293	0.215835635087	380.585805528	463.229106068	18.0318711494	6.84610314916	16.3925118563	377.063092452	13.6789168233	1.33379951154e-06	0.0259371040646	0.0788529514
25.9570000000	0.390628135389	63.1518130289	0.0158348581305	61.5269881122	67.7125292179	2.73073832598	6.01274940827	14.4301917816	924.945843846	-0.238244410432	8.81510913057e-06	0.101462159535	0.000968357829413	0.0301610198	4.72667487080	0.211565218115	380.496090743	463.139417409	17.9646593566	6.85717248133	16.5389781650	377.248339086	13.6075711917	1.34095851321e-06	0.0261357087281	0.0795070054
26.0570000000	0.398465759797	62.9824216809	0.0158774460129	62.8616295555	69.1882481447	2.78270290782	6.01920414180	14.5627426931	920.661550061	-0.221176825384	8.75030926347e-06	0.101356990827	0.000952053951302	0.0305920606	4.82181607092	0.207390739359	380.395440232	463.033548766	17.8974628810	6.86841005086	16.6896825490	377.426761103	13.5364609481	1.34817728788e-06	0.0263367267560	0.0801834825
26.1570000000	0.406412979238	62.8115040631	0.0159206504432	64.2056287262	70.6759877042	2.83484925993	6.02569003108	14.6984167941	916.340884493	-0.203854516383	8.68590679624e-06	0.101249049220	0.000935780211997	0.0310354958	4.91861206215	0.203309386340	380.283653267	462.911226677	17.8302707139	6.87981846688	16.8448035395	377.598362199	13.4655736885	1.35545774415e-06	0.0265402343840	0.0808832780
26.2570000000	0.414470664080	62.6390269303	0.0159644880996	65.5591460183	72.1759580027	2.88718293188	6.03220980641	14.8373479677	911.983223436	-0.186268797388	8.62188960323e-06	0.101138315096	0.000919537385503	0.0314918815	5.01709727220	0.199318439677	380.160521706	462.772167762	17.7630716381	6.89140045974	17.0045301812	377.763146261	13.3948967124	1.36280186483e-06	0.0267463117666	0.0816073405
26.3570000000	0.422639688768	62.4649557339	0.0160089763652	66.9223478435	73.6883766320	2.93970967458	6.03876636205	14.9796779838	907.587920319	-0.168410614408	8.55824556370e-06	0.101024767126	0.000903326273977	0.0319618075	5.11730738096	0.195415269311	380.025829600	462.616078203	17.6958542119	6.90315888728	17.1690628111	377.921117357	13.3244170021	1.37021171102e-06	0.0269550432319	0.0823566760
26.4570000000	0.430920932007	62.2892545520	0.0160541333685	68.2954069562	75.2134690699	2.99243545155	6.04536276551	15.1255570904	903.154304687	-0.150270524659	8.49496255082e-06	0.100908382320	0.000887147709141	0.0324458998	5.21927938809	0.191597330904	379.879352775	462.442653178	17.6286067525	6.91509674140	17.3386139076	378.072279732	13.2541211997	1.37768942646e-06	0.0271665175565	0.0831323517
26.5570000000	0.439315276959	62.1118860131	0.0160999780266	69.6785028025	76.7514691083	3.04536645108	6.05200226749	15.2751446590	898.681681118	-0.131838674229	8.43202842022e-06	0.100789136052	0.000871002553775	0.0329448235	5.32305168536	0.187862162366	379.720858378	462.251576268	17.5613173175	6.92721715503	17.5134090172	378.216637793	13.1839955844	1.38523724218e-06	0.0273808282619	0.0839355012
26.6570000000	0.447823611448	61.9328112162	0.0161465300923	71.0718218932	78.3026193115	3.09850909919	6.05868831259	15.4286098905	894.169328067	-0.113104774148	8.36943099797e-06	0.100667002088	0.000854891703321	0.0334592858	5.42866413409	0.184207380545	379.550104401	462.042518812	17.4939736864	6.93952340931	17.6936877665	378.354196099	13.1140260476	1.39285748154e-06	0.0275980739334	0.0847673294
26.7570000000	0.456446828177	61.7519896433	0.0161938102039	72.4755582039	79.8671715076	3.15187007357	6.06542455073	15.5861325875	889.616496650	-0.0940580746883	8.30715806807e-06	0.100541952590	0.000838816087583	0.0339900394	5.53615814821	0.180630678031	379.366839166	461.815139225	17.4265633395	6.95201894131	17.8797049715	378.484959350	13.0441980670	1.40055256556e-06	0.0278183585657	0.0856291179
26.8570000000	0.465185824957	61.5693790670	0.0162418399398	73.8899136042	81.4453873154	3.20545631853	6.07221484956	15.7479040018	885.022409341	-0.0746873377730	8.24519735918e-06	0.100413958123	0.000822776672550	0.0345378860	5.64557678335	0.177129820101	379.170800773	461.569082261	17.3590734368	6.96470735200	18.0717318510	378.608932369	12.9744966798	1.40832501876e-06	0.0280417919357	0.0865222311
26.9570000000	0.474041504945	61.3849354498	0.0162906418761	75.3150983191	83.0375387106	3.25927506105	6.07906330771	15.9141277641	880.386258593	-0.0549808073005	8.18353653080e-06	0.100282987652	0.000806774462337	0.0351036809	5.75696483262	0.173702641769	378.961716508	461.303978225	17.2914907941	6.97759241476	18.2700573601	378.726120089	12.9049064530	1.41617747532e-06	0.0282684900064	0.0874481234
27.0570000000	0.483014776896	61.1986128368	0.0163402396500	76.7513314249	84.6439086339	3.31333382804	6.08597426917	16.0850209070	875.707205362	-0.0349261772058	8.12216315854e-06	0.100149008535	0.000790810501266	0.0356883371	5.87036892955	0.170347044964	378.739302213	461.019442131	17.2238018584	6.99067808434	18.4749896549	378.836527533	12.8354114533	1.42411268583e-06	0.0284985753646	0.0884083460
27.1570000000	0.492106555433	61.0103632392	0.0163906580277	78.1988413834	86.2647916467	3.36764046502	6.09295233877	16.2608149911	870.984377536	-0.0145105570475	8.06106471860e-06	0.100011986509	0.000774885876091	0.0362928303	5.98583765906	0.167060995797	378.503261597	460.715072786	17.1559926814	7.00396850633	18.6868577050	378.940159794	12.7659952139	1.43213352450e-06	0.0287321776955	0.0894045550
27.2570000000	0.501317761326	60.8201365098	0.0164419229779	79.6578666179	87.9004946371	3.42220315616	6.10000239892	16.4417573471	866.216868263	0.00627956511029	8.00022857132e-06	0.0998718856865	0.000759001718386	0.0369182046	6.10342167702	0.163842521936	378.253285505	460.390451812	17.0880488903	7.01746802719	18.9060130712	379.037022012	12.6966407001	1.44024299698e-06	0.0289694342982	0.0904385209
27.3570000000	0.510649321787	60.6278802070	0.0164940617516	81.1286561354	89.5513375823	3.47703044596	6.10712962781	16.6281124491	861.403734154	0.0274583627798	7.93964194361e-06	0.0997286685341	0.000743159207106	0.0375655782	6.22317383945	0.160689710074	377.989051121	460.045142588	17.0199556573	7.03118120489	19.1328318685	379.127119348	12.6273302713	1.44844424878e-06	0.0292104906467	0.0915121380
27.4570000000	0.520102170789	60.4335394490	0.0165471029683	82.6114701981	91.2176543722	3.53213126277	6.11433951905	16.8201634332	856.543993368	0.0490407143799	7.87929191031e-06	0.0995822958653	0.000727359571332	0.0382361505	6.34514934208	0.157600703480	377.710221115	459.678689113	16.9516976663	7.04511282021	19.3677169379	379.210456956	12.5580456416	1.45674057448e-06	0.0294555010003	0.0926274354
27.5570000000	0.529677249392	60.2370567555	0.0166010767103	84.1065810521	92.8997937010	3.58751494413	6.12163790304	17.0182137820	851.636623563	0.0710422501339	7.81916537420e-06	0.0994327268285	0.000711604093233	0.0389312094	6.46940587157	0.154573699634	377.416442714	459.290614764	16.8832590768	7.05926788879	19.6111002520	379.287039954	12.4887678368	1.46513542759e-06	0.0297046290694	0.0937865893
27.6570000000	0.539375506098	60.0383718753	0.0166560146247	85.6142737157	94.5981200335	3.64319126439	6.12903097023	17.2225891954	846.680559685	0.0934794028912	7.75924904468e-06	0.0992799189005	0.000695894111251	0.0396521394	6.59600376939	0.151606947928	377.107346702	458.880420969	16.8146234854	7.07365167385	19.8634455857	379.356873382	12.4194771475	1.47363243138e-06	0.0299580487433	0.0949919359
27.7570000000	0.549197897225	59.8374216004	0.0167119500348	87.1348468358	96.3130146535	3.69917046466	6.13652529641	17.4336396727	841.674691615	0.116369463270	7.69952941472e-06	0.0991238278843	0.000680231023528	0.0404004312	6.72500620973	0.148698747453	376.782546331	458.447585752	16.7457738836	7.08826969994	20.1252514870	379.419962169	12.3501530802	1.48223539055e-06	0.0302159448844	0.0962459872
27.8570000000	0.559145387297	59.6341395627	0.0167689180616	88.6686136198	98.0448768039	3.75546328532	6.14412787028	17.6517418341	836.617861620	0.139730639567	7.63999273628e-06	0.0989644079149	0.000664616291614	0.0411776918	6.85647939309	0.145847444828	376.441636138	457.991562163	16.6766926122	7.10312776741	20.3970545855	379.476311086	12.2807743029	1.49094830406e-06	0.0304785142001	0.0975514469
27.9570000000	0.569218949467	59.4284560128	0.0168269557564	90.2159028493	99.7941249277	3.81208100160	6.15184612366	17.8773015137	831.508861621	0.163582122933	7.58062499357e-06	0.0988016114732	0.000649051444469	0.0419856561	6.99049275696	0.143051432105	376.084190667	457.511776569	16.6073613121	7.11823196809	20.6794332878	379.525924700	12.2113185866	1.49977537901e-06	0.0307459661978	0.0989112293
28.0570000000	0.579419565967	59.2202975793	0.0168861022466	91.7770599864	101.561198021	3.86903546225	6.15968796435	18.1107566642	826.346430243	0.187944158382	7.52141187431e-06	0.0986353894129	0.000633538082799	0.0428262001	7.12711920579	0.140309144709	375.709763060	457.007626788	16.5377608701	7.13358870188	20.9730119104	379.568807316	12.1417627427	1.50872104590e-06	0.0310185242352	0.1003284800
28.1570000000	0.589748228574	59.0095870044	0.0169463988949	93.3524483827	103.346557112	3.92633913196	6.16766181235	18.3525806147	821.129249634	0.212838122257	7.46233873849e-06	0.0984656910020	0.000618077883745	0.0437013548	7.26643536226	0.137619059435	375.317883537	456.478480057	16.4678713600	7.14920469475	21.2784653147	379.604962921	12.0720825535	1.51778997530e-06	0.0312964266761	0.1018065993
28.2570000000	0.600205939128	58.7962428557	0.0170078894744	94.9424506022	105.150686877	3.98400513776	6.17577663941	18.6032857352	815.855942023	0.238286606882	7.40339058446e-06	0.0982924639835	0.000602672605986	0.0446133234	7.40852184231	0.134979692479	374.908057721	455.923670809	16.3976719790	7.16508701786	21.5965241134	379.634395116	12.0022526979	1.52698709611e-06	0.0315799281652	0.1033492683
28.3570000000	0.610793710062	58.5801792095	0.0170706203616	96.5474698720	106.974097416	4.04204731989	6.18404201267	18.8634275678	810.525065993	0.264313513194	7.34455201201e-06	0.0981156546600	0.000587324095273	0.0455644992	7.55346355680	0.132389597498	374.479764814	455.342498244	16.3271409768	7.18124310829	21.9279805360	379.657107044	11.9322466690	1.53631761568e-06	0.0318693010366	0.1049604785
28.4570000000	0.621512564988	58.3613053029	0.0171346407489	98.1679316766	108.817326199	4.10048028782	6.19246814261	19.1336094937	805.135112443	0.290944152296	7.28580718206e-06	0.0979352080065	0.000572034290460	0.0465574868	7.70135004295	0.129847363699	374.032455583	454.734223653	16.2562555788	7.19768079129	22.2736950492	379.673101306	11.8620366851	1.54578704190e-06	0.0321648368734	0.1066445649
28.5570000000	0.632363539311	58.1395251505	0.0172000028795	99.8042855124	110.680940209	4.15931948192	6.20106593601	19.4144880225	799.684500200	0.318205356946	7.22713977252e-06	0.0977510678201	0.000556805230082	0.0475951261	7.85227582926	0.127351613945	373.565550159	454.098067491	16.1849919013	7.21440830426	22.6346038509	379.682379876	11.7915935914	1.55540120760e-06	0.0324668482375	0.1084062438
28.6570000000	0.643347680894	57.9147371219	0.0172667623077	101.457006823	112.565538310	4.21858124149	6.20984705450	19.7067787988	794.171571237	0.346125604205	7.16853292994e-06	0.0975631769129	0.000541639059534	0.0486805186	8.00634083807	0.124901002871	373.078435603	453.433206141	16.1133248584	7.23143432275	23.0117273734	379.684943996	11.7208867524	1.56516629752e-06	0.0327756705936	0.1102506557
28.7570000000	0.654466050771	57.6868334744	0.0173349781878	103.126599139	114.471753854	4.27828288013	6.21882397934	20.0112634452	788.594585475	0.374735150578	7.10996921626e-06	0.0973714773589	0.000526538038935	0.0498170591	8.16365083064	0.122494214996	372.570463220	452.738768351	16.0412280586	7.24876798847	23.4061799588	379.680794069	11.6498839328	1.57508887821e-06	0.0330916644530	0.1121834138
28.8570000000	0.665719723910	57.4556998352	0.0174047135944	104.813596449	116.400257578	4.33844276919	6.22801008347	20.3287973796	782.951715088	0.404066181226	7.05143055012e-06	0.0971759108069	0.000511504551737	0.0510084705	8.32431790028	0.120129962837	372.040945595	452.013831288	15.9686736910	7.26641893974	23.8191808997	379.669929540	11.5785511671	1.58517593113e-06	0.0334152177686	0.1142106592
28.9570000000	0.677109790040	57.2212146265	0.0174760358816	106.518565831	118.351760818	4.39908043058	6.23741971153	20.6603187722	777.241038281	0.434152975029	6.99289814197e-06	0.0969764188742	0.000496541114194	0.0522588442	8.48846102006	0.117806984993	371.489153291	451.257416164	15.8956323989	7.28439734451	24.2520670749	379.652348757	11.5068526145	1.59543488963e-06	0.0337467486171	0.1163391252
29.0570000000	0.688637354542	56.9832484252	0.0175490170820	108.242110384	120.327019082	4.46021664017	6.24706826914	21.0068588420	771.460532463	0.465032087577	6.93435242213e-06	0.0967729436385	0.000481650385771	0.0535726872	8.65620665260	0.115524044207	370.914311194	450.468483383	15.8220731395	7.30271393627	24.7063074548	379.628048827	11.4347503979	1.60587368011e-06	0.0340867082113	0.1185762093
29.1570000000	0.700303539409	56.7416632482	0.0176237343559	109.984872499	122.326836046	4.52187354326	6.25697232273	21.3695537317	765.608066740	0.496742554469	6.87577296077e-06	0.0965654282519	0.000466835180636	0.0549549753	8.82768943068	0.113279925382	370.315594428	449.645927117	15.7479630268	7.32138005315	25.1835198093	379.597025452	11.3622044258	1.61650076807e-06	0.0344355842917	0.1209300581
29.2570000000	0.712109484289	56.4963117533	0.0177002704949	111.747537516	124.352068010	4.58407478391	6.26714971132	21.7496582499	759.681393647	0.529326117689	6.81713837879e-06	0.0963538177031	0.000452098480348	0.0564112161	9.00305291890	0.111073433535	369.692123796	448.788569269	15.6732671570	7.34040768058	25.6854900163	379.559272747	11.2891721929	1.62732520983e-06	0.0347939049577	0.1234096635
29.3570000000	0.724056347620	56.2470363418	0.0177787144895	113.530837838	126.403628917	4.64684565018	6.27761967221	22.1485618345	753.678140013	0.562827478298	6.75842624797e-06	0.0961380597630	0.000437443447925	0.0579475214	9.18245046853	0.108903391685	369.042960670	447.895152697	15.5979484121	7.35980949794	26.2141944568	379.514783043	11.2156085574	1.63835671063e-06	0.0351622430077	0.1260249759
29.4570000000	0.736145307857	55.9936681483	0.0178591621708	115.335557546	128.482495981	4.71021323779	6.28840298249	22.5678071639	747.595796851	0.597294579186	6.69961297916e-06	0.0959181061561	0.000422873443455	0.0595706917	9.36604617968	0.106768638635	368.367101250	446.964333607	15.5219672394	7.37959892964	26.7718260862	379.463546668	11.1414654914	1.64960569022e-06	0.0355412208724	0.1287870347
29.5570000000	0.748377564816	55.7360259014	0.0179417169385	117.162537625	130.589716056	4.77420663498	6.29952211899	23.0091119472	741.431708123	0.632778922326	6.64067369625e-06	0.0956939140118	0.000408392041487	0.0612883162	9.55401598764	0.104668026649	367.663470085	445.994672983	15.4452814033	7.39979020109	27.3608249078	379.405551707	11.0666918007	1.66108335707e-06	0.0359315162416	0.1317081221
29.6570000000	0.760754341141	55.4739146325	0.0180264905880	119.012681872	132.726412843	4.83885713209	6.31100143961	23.4743945398	735.183058237	0.669335925706	6.58158209396e-06	0.0954654476616	0.000394003050431	0.0631088892	9.74654889331	0.102600418974	366.930912764	444.984626901	15.3678457034	7.42039840034	27.9839137372	379.340783736	10.9912328077	1.67280179269e-06	0.0363338685062	0.1348019421
29.7570000000	0.773276883909	55.2071242082	0.0181136042556	120.886963617	134.893795072	4.90419846003	6.32286738943	23.9658041953	728.846858081	0.707025326093	6.52231027662e-06	0.0952326808676	0.000379710534279	0.0650419491	9.94384836182	0.100564687193	366.168187601	443.932535545	15.2896116560	7.44143954585	28.6441403636	379.269225528	10.9150299934	1.68477404766e-06	0.0367490861608	0.1380838327
29.8570000000	0.785946466399	54.9354276581	0.0182031895014	122.786433387	137.093165853	4.97026706248	6.33514873597	24.4857569592	722.419929367	0.745911634941	6.46282857478e-06	0.0949955995909	0.000365518836986	0.0670982430	10.1461339178	0.0985597083679	365.373956182	442.836610703	15.2105271305	7.46293066127	29.3449274804	379.190856742	10.8380205906	1.69701425150e-06	0.0371780553468	0.1415710168
29.9570000000	0.798764390029	54.6585792584	0.0182953895540	124.712227684	139.325933362	5.03710240792	6.34787683854	25.0369784712	715.898887043	0.786064656116	6.40310533578e-06	0.0947542054342	0.000351432609923	0.0692899229	10.3536429721	0.0965843619188	364.546772559	441.694921493	15.1305359337	7.48488985820	30.0901321092	379.105653562	10.7601371196	1.70953773878e-06	0.0376217497533	0.1452829007
30.0570000000	0.811731986505	54.3763123307	0.0183903607497	126.665579078	141.593623142	5.10474734866	6.36108595796	25.6225552754	709.280119430	0.827560075904	6.34310668365e-06	0.0945085199375	0.000337456842889	0.0716307818	10.5666329222	0.0946375261985	363.685070838	440.505377977	15.0495773329	7.50733642775	30.8841166896	379.013588326	10.6813068580	1.72236119455e-06	0.0380812421453	0.1492414309
30.1570000000	0.824850620201	54.0883367003	0.0184882742012	128.647827858	143.897892299	5.17324853582	6.37481361398	26.2459966777	702.559765732	0.870480137874	6.28279624254e-06	0.0942585899517	0.000323596899269	0.0741365391	10.7853835764	0.0927180746905	362.787150894	439.265712306	14.9675855059	7.53029094223	31.7318345944	378.914629103	10.6014512300	1.73550282277e-06	0.0385577178538	0.1534715240
30.2570000000	0.838121690797	53.7943357492	0.0185893177427	130.660435548	146.240545965	5.24265690124	6.38910099969	26.9113097641	695.733690458	0.914914417830	6.22213481684e-06	0.0940044943841	0.000309858556025	0.0768251867	11.0101999672	0.0908248717534	361.851161815	437.973456895	14.8844889047	7.55377536820	32.6389336027	378.808739250	10.5204851029	1.74898254221e-06	0.0390524906427	0.1580015864
30.3570000000	0.851546636226	53.4939629822	0.0186936982091	132.705000672	148.623556500	5.31302821969	6.40399346416	27.6230909610	688.797454198	0.960960717470	6.16108001925e-06	0.0937463527017	0.000296248049372	0.0797174122	11.2414156289	0.0889567678139	360.875082659	436.625919060	14.8002095143	7.57781319243	33.6118818858	378.695876925	10.4383159700	1.76282221551e-06	0.0395670214788	0.1628641467
30.4570000000	0.865126935973	53.1868380049	0.0188016441193	134.783277210	151.049085978	5.38442376830	6.41954107736	28.3866385476	681.746280085	1.00872609956	6.09958583625e-06	0.0934843356958	0.000282772127160	0.0828371203	11.4793964381	0.0871125938886	359.856699951	435.220151386	14.7146619864	7.60242956249	34.6581224298	378.575994577	10.3548429993	1.77704591843e-06	0.0401029408658	0.1680966311
30.5570000000	0.878864114775	52.8725417872	0.0189134088545	136.897196363	153.519512694	5.45691110440	6.43579929475	29.2080919223	674.575015117	1.05832809282	6.03760211754e-06	0.0932186791774	0.000269438109192	0.0862120787	11.7245451380	0.0852911552844	358.793581230	433.752916917	14.6277526210	7.62765144387	35.7862636683	378.449038403	10.2699559186	1.79168025805e-06	0.0406620755931	0.1737423213
30.6570000000	0.892759746799	52.5506110525	0.0190292744456	139.048892337	156.037462573	5.53056498845	6.45282974373	30.0946053372	667.278085296	1.10989610168	5.97507397257e-06	0.0929497014951	0.000256253957027	0.0898747260	11.9773066993	0.0834912242880	357.683043774	432.220648029	14.5393781618	7.65350779596	37.0063166232	378.314947797	10.1835337009	1.80675475122e-06	0.0412464809918	0.1798515440
30.7570000000	0.906815460376	52.2205315880	0.0191495561150	141.240733114	158.605846658	5.60546848620	6.47070115988	31.0545664521	659.849443312	1.16357306494	5.91194105293e-06	0.0926778260725	0.000243228355139	0.0938631893	12.2381747149	0.0817115316043	356.522117381	430.619397531	14.4494243620	7.68002976918	38.3299923367	378.173654796	10.0954430071	1.82230227752e-06	0.0418584801203	0.1864831651
30.8570000000	0.921032943385	51.8817302150	0.0192746077638	143.475357406	161.227906127	5.68171429405	6.48949050865	32.0978737711	652.282507145	1.21951741915	5.84813669305e-06	0.0924036105841	0.000230370805799	0.0982225783	12.5076990771	0.0799507562372	355.307499792	428.944780135	14.3577642668	7.70725092608	39.7710782465	378.025083551	10.0055363260	1.83835962523e-06	0.0425007117508	0.1937064784
30.9570000000	0.935413949413	51.5335650783	0.0194048286487	145.755719389	163.907266793	5.75940634482	6.50928433910	33.2362922844	644.570087512	1.27790543808	5.78358687367e-06	0.0921277849744	0.000217691740603	0.1030066478	12.7864952657	0.0782075134130	354.035502886	427.191901882	14.2642561393	7.73520748924	41.3459190486	377.869149885	9.91364973864	1.85496815435e-06	0.0431761896425	0.2016036192
31.0570000000	0.949960304842	51.1753138102	0.0195406715767	148.085143274	166.648005601	5.83866176905	6.53018042982	34.4839142216	636.704301524	1.33893404022	5.71820896180e-06	0.0918513013411	0.000205202652410	0.1082799546	13.0752556754	0.0764803400275	352.701987243	425.355274370	14.1687409386	7.76393861889	43.0740374824	377.705760975	9.81960020995	1.87217460852e-06	0.0438883764455	0.2102726805
31.1570000000	0.964673917043	50.8061589750	0.0196826530518	150.467390472	169.454732490	5.91961331183	6.55228980713	35.8577629176	628.676469079	1.40282418474	5.65191016547e-06	0.0915753998540	0.000192916252411	0.1141206910	13.3747635489	0.0747676769269	351.302281855	423.428709624	14.0710392236	7.79348672295	44.9789448886	377.534815295	9.72318227903	1.89003211810e-06	0.0446412767920	0.2198317797
31.2570000000	0.979556783920	50.4251700002	0.0198313659626	152.906743076	172.332692139	6.00241233977	6.57573924192	37.3785942953	620.476987488	1.46982501458	5.58458562107e-06	0.0913016964942	0.000180846658482	0.1206244515	13.6859102832	0.0730678471004	349.831084681	421.405189994	13.9709473193	7.82389780161	47.0892127443	377.356202972	9.62416397784	1.90860145141e-06	0.0454395558698	0.2304244361
31.3570000000	0.994611005099	50.0312805111	0.0199874956184	155.408108687	175.287891794	6.08723262206	6.60067436989	39.0719754761	612.095178263	1.54021895952	5.51611600138e-06	0.0910323006905	0.000169009622770	0.1279093125	14.0097171476	0.0713790285317	348.282338213	419.276705524	13.8682325178	7.85522182683	49.4399085963	377.169806820	9.52228174668	1.92795259254e-06	0.0462886923120	0.2422267753
31.4570000000	1.00983879514	49.6232595700	0.0201518402593	157.977153615	178.327263703	6.17427514035	6.62726363316	40.9697586822	603.519097937	1.61432808870	5.44636449016e-06	0.0907699741744	0.000157422809009	0.1361227871	14.3473628576	0.0696992199841	346.649071966	417.034048297	13.7626270046	7.88751315422	52.0745493813	376.975504454	9.41723402876	1.94816675418e-06	0.0471951780093	0.2554573286
31.5570000000	1.02524249927	49.1996747147	0.0203253376328	160.620474293	181.458874246	6.26377428697	6.65570332038	43.1121296843	594.735301700	1.69252211211	5.37517290732e-06	0.0905183469972	0.000146106133506	0.1454515105	14.7002190285	0.0680261973010	344.923200596	414.666549132	13.6538200735	7.92083095878	55.0478030837	376.773172161	9.30867310026	1.96933897921e-06	0.0481667831722	0.2703905850
31.6570000000	1.04082461233	48.7588437822	0.0205090999382	163.345821054	184.692197047	6.35600596742	6.68622409826	45.5505089860	585.728544229	1.77522859408	5.30235667680e-06	0.0902822132673	0.000135082188594	0.1561349851	15.0698964156	0.0663574567748	343.095261468	412.161735691	13.5414480069	7.95523967510	58.4292952960	376.562691556	9.19619450510	1.99158155202e-06	0.0492129138469	0.2873760845
31.7570000000	1.05658780173	48.2987711103	0.0207044605279	166.162394983	188.038475419	6.45129836360	6.71909960407	48.3517486169	576.481395453	1.86294618738	5.22769818855e-06	0.0900679387111	0.000124376774238	0.1684855053	15.4583061846	0.0646901405662	341.154068147	409.504881562	13.4250807153	7.99080940259	62.3090851872	376.343960766	9.07932317960	2.01502854474e-06	0.0503451032055	0.3068658808
31.8570000000	1.07253493574	47.8170615309	0.0209130374804	169.081248860	191.511212170	6.55004649287	6.75465794201	51.6043500488	566.973738886	1.95626207716	5.15093788728e-06	0.0898840262172	0.000114019573391	0.1829177401	15.8677425671	0.0630209367069	339.086244658	406.678400959	13.3042037829	8.02761619969	66.8057302140	376.116913041	8.95749490943	2.03984198758e-06	0.0515777010243	0.3294549826
31.9570000000	1.08866911858	47.3108020461	0.0211368219678	172.115839928	195.126845269	6.65273231102	6.79329736304	55.4279309726	557.182104256	2.05587543067	5.07176206786e-06	0.0897419070154	0.000104045021209	0.1999938702	16.3009966566	0.0613459422799	336.875586789	403.661019700	13.1781938509	8.06574212209	72.0784854971	375.881547743	8.83003105261	2.06622041863e-06	0.0529288647657	0.3559425212
32.0570000000	1.10499373490	46.7763952081	0.0213783040688	175.282810118	198.905702177	6.75995313333	6.83550812545	59.9880970991	547.078760440	2.16262964804	4.98978577312e-06	0.0896570602429	9.44934398181e-05	0.2204946517	16.7615167807	0.0596604718465	334.502165722	400.426613334	13.0462840800	8.10527472951	78.3463344349	375.637982477	8.69610328978	2.09441101643e-06	0.0544220239659	0.3874271579
32.1570000000	1.12151250679	46.2093180742	0.0216406569427	178.603117743	202.873385159	6.87246293022	6.88190375769	65.5206715260	536.630451505	2.27755791979	4.90452818405e-06	0.0896506267916	8.54125428329e-05	0.2455354558	17.2536407100	0.0579587819641	331.941035883	396.942534734	12.9075143832	8.14630552985	85.9187576534	375.386542321	8.55468315189	2.12472729720e-06	0.0560881143157	0.4254613183
32.2570000000	1.13822956855	45.6037622684	0.0219280153710	182.103732403	207.062847878	6.99123428789	6.93326711903	72.3728998638	525.796583214	2.40194965773	4.81537608557e-06	0.0897518105624	7.68594633466e-05	0.2767640650	17.7829427383	0.0562336624886	329.160312767	393.167130160	12.7606574296	8.18892631121	95.2476234542	375.127916504	8.40446747459	2.15757577819e-06	0.0579691168081	0.4723112632
32.3570000000	1.15514956688	44.9520758489	0.0222459137007	185.820271976	211.517629552	7.11755500014	6.99062070762	81.0772152181	514.526528794	2.53745113785	4.72152757913e-06	0.0900016454080	6.89035343168e-05	0.3167156047	18.3567724645	0.0544758073314	326.118204375	389.045909619	12.6041044351	8.23322121257	107.019228812	374.863442971	8.24376414797	2.19349772679e-06	0.0601239225882	0.5314183165
32.4570000000	1.17227779890	44.2438573325	0.0226020076072	189.801299458	216.297131186	7.25318579757	7.05533867654	92.4918210879	502.755453358	2.68622528353	4.62190136852e-06	0.0904594020506	6.16301609764e-05	0.3694906334	18.9851304413	0.0526728011216	322.758213412	384.505368773	12.4356807166	8.27924991729	122.327926074	374.595648626	8.07030896832	2.23323765673e-06	0.0626386001299	0.6082687689
32.5570000000	1.18962040867	43.4643992352	0.0230073351431	194.115737575	221.485733010	7.40063316578	7.12933500863	108.090409833	490.397493526	2.85122064561	4.51498216306e-06	0.0912147337056	5.51462671440e-05	0.4421560997	19.6821746975	0.0508073937647	319.000933045	379.442445579	12.2523305755	8.32701141077	143.029856040	374.329335784	7.88095518882	2.27786240889e-06	0.0656456438215	0.7121657789
32.6570000000	1.20718467851	42.5918131244	0.0234786905427	198.866635326	227.209750820	7.56365720830	7.21540168266	130.622569087	477.333842477	3.03665962770	4.39853772086e-06	0.0924138376562	4.95878738209e-05	0.5479471534	20.4690081927	0.0488543455837	314.728968816	373.705186283	12.0495388099	8.37636206478	172.538842100	374.073939282	7.67110831983	2.32898406489e-06	0.0693633891667	0.8602151260
32.7570000000	1.22497948405	41.5911826982	0.0240435576756	204.219338682	233.672203558	7.74831398081	7.31787312664	165.838114086	463.389982911	3.24901836813	4.26904942383e-06	0.0943244232083	4.51297582186e-05	0.7146499970	21.3793596552	0.0467740856661	309.756439955	367.053735282	11.8201621880	8.42681515172	217.873497625	373.849195020	7.43359442328	2.38922030079e-06	0.0741868829508	1.0875737121
32.8570000000	1.24301605465	40.4009485464	0.0247518941010	210.467585647	241.234587398	7.96540950193	7.44410567451	227.959037626	448.286295773	3.49929269481	4.12040265114e-06	0.0975277044498	4.19920677323e-05	1.0112807182	22.4728475973	0.0444981436229	303.758374827	359.070281753	11.5517288358	8.47698478522	296.039065939	373.700928657	7.15606842232	2.46328591332e-06	0.0809361098790	1.4793859467
32.9570000000	1.26130936943	38.8938365403	0.0257110146222	218.225008980	250.654552621	8.23763974093	7.60846936402	363.408814351	431.507410931	3.80951733084	3.94018449952e-06	0.103656756641	4.04013134414e-05	1.6641411805	23.8731849121	0.0418880012734	296.069352236	348.903080709	11.2187523449	8.52269444480	461.101858919	373.756332184	6.81370543023	2.56119546627e-06	0.0917435691083	2.3061888086
33.0570000000	1.27988110399	36.7113763142	0.0272395126633	229.247008436	264.110345975	8.63040173715	7.84773223772	844.678945665	411.797873433	4.24089993757	3.69429814240e-06	0.120224355495	4.00551533554e-05	4.0084536227	25.9309272330	0.0385639892865	284.835856590	334.193177772	10.7504619905	8.54746650087	1018.81287054	374.521068471	6.33874913194	2.71223487045e-06	0.115462196729	5.0961039204
